# oST version 5.0 parameters


[image]

width
1280

height
960

[narrow_stereo/left]

camera matrix
904.144438 0.000000 623.800662
0.000000 901.747603 494.163965
0.000000 0.000000 1.000000

distortion
-0.342687 0.118940 0.001156 0.000027 0.000000

rectification
1.000000 0.000000 0.000000
0.000000 1.000000 0.000000
0.000000 0.000000 1.000000

projection
728.841003 0.000000 616.361219 0.000000
0.000000 804.049866 498.689873 0.000000
0.000000 0.000000 1.000000 0.000000

