# oST version 5.0 parameters


[image]

width
640

height
480

[narrow_stereo/left]

camera matrix
571.012391 0.000000 332.779012
0.000000 565.839682 239.442135
0.000000 0.000000 1.000000

distortion
0.099833 -0.138919 -0.002256 0.009824 0.000000

rectification
1.000000 0.000000 0.000000
0.000000 1.000000 0.000000
0.000000 0.000000 1.000000

projection
580.487305 0.000000 337.945414 0.000000
0.000000 580.011597 237.935139 0.000000
0.000000 0.000000 1.000000 0.000000
